$DATA
    290.00     5.721894E+02
    290.01     5.722197E+02
    290.02     5.722500E+02
    290.03     5.722803E+02
    290.04     5.723106E+02
    290.05     5.723409E+02
    290.06     5.723712E+02
    290.07     5.724015E+02
    290.08     5.724318E+02
    290.09     5.724621E+02
    290.10     5.724924E+02
    290.11     5.725227E+02
    290.12     5.725530E+02
    290.13     5.725833E+02
    290.14     5.726136E+02
    290.15     5.726439E+02
    290.16     5.726742E+02
    290.17     5.727045E+02
    290.18     5.727348E+02
    290.19     5.727651E+02
    290.20     5.727954E+02
    290.21     5.728257E+02
    290.22     5.728561E+02
    290.23     5.728864E+02
    290.24     5.729167E+02
    290.25     5.729470E+02
    290.26     5.729773E+02
    290.27     5.730076E+02
    290.28     5.730379E+02
    290.29     5.730682E+02
    290.30     5.730985E+02
    290.31     5.731288E+02
    290.32     5.731591E+02
    290.33     5.731894E+02
    290.34     5.732197E+02
    290.35     5.732500E+02
    290.36     5.732803E+02
    290.37     5.733106E+02
    290.38     5.733409E+02
    290.39     5.733712E+02
    290.40     5.734015E+02
    290.41     5.734318E+02
    290.42     5.734621E+02
    290.43     5.734924E+02
    290.44     5.735227E+02
    290.45     5.735530E+02
    290.46     5.735833E+02
    290.47     5.736136E+02
    290.48     5.736439E+02
    290.49     5.736742E+02
    290.50     5.737045E+02
    290.51     5.737348E+02
    290.52     5.737651E+02
    290.53     5.737954E+02
    290.54     5.738257E+02
    290.55     5.738560E+02
    290.56     5.738863E+02
    290.57     5.739166E+02
    290.58     5.739470E+02
    290.59     5.739773E+02
    290.60     5.740076E+02
    290.61     5.740379E+02
    290.62     5.740682E+02
    290.63     5.740985E+02
    290.64     5.741288E+02
    290.65     5.741591E+02
    290.66     5.741894E+02
    290.67     5.742197E+02
    290.68     5.742500E+02
    290.69     5.742803E+02
    290.70     5.743106E+02
    290.71     5.743409E+02
    290.72     5.743712E+02
    290.73     5.744015E+02
    290.74     5.744318E+02
    290.75     5.744621E+02
    290.76     5.744924E+02
    290.77     5.745227E+02
    290.78     5.745530E+02
    290.79     5.745833E+02
    290.80     5.746136E+02
    290.81     5.746439E+02
    290.82     5.746742E+02
    290.83     5.747045E+02
    290.84     5.747348E+02
    290.85     5.747651E+02
    290.86     5.747954E+02
    290.87     5.748257E+02
    290.88     5.748560E+02
    290.89     5.748863E+02
    290.90     5.749166E+02
    290.91     5.749469E+02
    290.92     5.749772E+02
    290.93     5.750076E+02
    290.94     5.750379E+02
    290.95     5.750682E+02
    290.96     5.750985E+02
    290.97     5.751288E+02
    290.98     5.751591E+02
    290.99     5.751894E+02
    291.00     5.752197E+02
    291.01     5.752500E+02
    291.02     5.752804E+02
    291.03     5.753108E+02
    291.04     5.753412E+02
    291.05     5.753715E+02
    291.06     5.754019E+02
    291.07     5.754323E+02
    291.08     5.754627E+02
    291.09     5.754930E+02
    291.10     5.755234E+02
    291.11     5.755538E+02
    291.12     5.755842E+02
    291.13     5.756145E+02
    291.14     5.756449E+02
    291.15     5.756753E+02
    291.16     5.757057E+02
    291.17     5.757360E+02
    291.18     5.757664E+02
    291.19     5.757968E+02
    291.20     5.758271E+02
    291.21     5.758575E+02
    291.22     5.758879E+02
    291.23     5.759183E+02
    291.24     5.759486E+02
    291.25     5.759790E+02
    291.26     5.760094E+02
    291.27     5.760398E+02
    291.28     5.760701E+02
    291.29     5.761005E+02
    291.30     5.761309E+02
    291.31     5.761613E+02
    291.32     5.761916E+02
    291.33     5.762220E+02
    291.34     5.762524E+02
    291.35     5.762828E+02
    291.36     5.763131E+02
    291.37     5.763435E+02
    291.38     5.763739E+02
    291.39     5.764043E+02
    291.40     5.764346E+02
    291.41     5.764650E+02
    291.42     5.764954E+02
    291.43     5.765257E+02
    291.44     5.765561E+02
    291.45     5.765865E+02
    291.46     5.766169E+02
    291.47     5.766472E+02
    291.48     5.766776E+02
    291.49     5.767080E+02
    291.50     5.767384E+02
    291.51     5.767687E+02
    291.52     5.767991E+02
    291.53     5.768295E+02
    291.54     5.768599E+02
    291.55     5.768902E+02
    291.56     5.769206E+02
    291.57     5.769510E+02
    291.58     5.769814E+02
    291.59     5.770117E+02
    291.60     5.770421E+02
    291.61     5.770725E+02
    291.62     5.771029E+02
    291.63     5.771332E+02
    291.64     5.771636E+02
    291.65     5.771940E+02
    291.66     5.772243E+02
    291.67     5.772547E+02
    291.68     5.772851E+02
    291.69     5.773155E+02
    291.70     5.773458E+02
    291.71     5.773762E+02
    291.72     5.774066E+02
    291.73     5.774370E+02
    291.74     5.774673E+02
    291.75     5.774977E+02
    291.76     5.775281E+02
    291.77     5.775585E+02
    291.78     5.775888E+02
    291.79     5.776192E+02
    291.80     5.776496E+02
    291.81     5.776800E+02
    291.82     5.777103E+02
    291.83     5.777407E+02
    291.84     5.777711E+02
    291.85     5.778015E+02
    291.86     5.778318E+02
    291.87     5.778622E+02
    291.88     5.778926E+02
    291.89     5.779229E+02
    291.90     5.779533E+02
    291.91     5.779837E+02
    291.92     5.780141E+02
    291.93     5.780444E+02
    291.94     5.780748E+02
    291.95     5.781052E+02
    291.96     5.781356E+02
    291.97     5.781659E+02
    291.98     5.781963E+02
    291.99     5.782267E+02
    292.00     5.782571E+02
    292.01     5.782875E+02
    292.02     5.783180E+02
    292.03     5.783484E+02
    292.04     5.783788E+02
    292.05     5.784093E+02
    292.06     5.784397E+02
    292.07     5.784702E+02
    292.08     5.785006E+02
    292.09     5.785311E+02
    292.10     5.785615E+02
    292.11     5.785920E+02
    292.12     5.786224E+02
    292.13     5.786529E+02
    292.14     5.786833E+02
    292.15     5.787137E+02
    292.16     5.787442E+02
    292.17     5.787746E+02
    292.18     5.788051E+02
    292.19     5.788355E+02
    292.20     5.788660E+02
    292.21     5.788964E+02
    292.22     5.789269E+02
    292.23     5.789573E+02
    292.24     5.789878E+02
    292.25     5.790182E+02
    292.26     5.790486E+02
    292.27     5.790791E+02
    292.28     5.791095E+02
    292.29     5.791400E+02
    292.30     5.791704E+02
    292.31     5.792009E+02
    292.32     5.792313E+02
    292.33     5.792618E+02
    292.34     5.792922E+02
    292.35     5.793227E+02
    292.36     5.793531E+02
    292.37     5.793835E+02
    292.38     5.794140E+02
    292.39     5.794444E+02
    292.40     5.794749E+02
    292.41     5.795053E+02
    292.42     5.795358E+02
    292.43     5.795662E+02
    292.44     5.795967E+02
    292.45     5.796271E+02
    292.46     5.796576E+02
    292.47     5.796880E+02
    292.48     5.797184E+02
    292.49     5.797489E+02
    292.50     5.797793E+02
    292.51     5.798098E+02
    292.52     5.798402E+02
    292.53     5.798707E+02
    292.54     5.799011E+02
    292.55     5.799316E+02
    292.56     5.799620E+02
    292.57     5.799925E+02
    292.58     5.800229E+02
    292.59     5.800533E+02
    292.60     5.800838E+02
    292.61     5.801142E+02
    292.62     5.801447E+02
    292.63     5.801751E+02
    292.64     5.802056E+02
    292.65     5.802360E+02
    292.66     5.802665E+02
    292.67     5.802969E+02
    292.68     5.803274E+02
    292.69     5.803578E+02
    292.70     5.803882E+02
    292.71     5.804187E+02
    292.72     5.804491E+02
    292.73     5.804796E+02
    292.74     5.805100E+02
    292.75     5.805405E+02
    292.76     5.805709E+02
    292.77     5.806014E+02
    292.78     5.806318E+02
    292.79     5.806623E+02
    292.80     5.806927E+02
    292.81     5.807231E+02
    292.82     5.807536E+02
    292.83     5.807840E+02
    292.84     5.808145E+02
    292.85     5.808449E+02
    292.86     5.808754E+02
    292.87     5.809058E+02
    292.88     5.809363E+02
    292.89     5.809667E+02
    292.90     5.809972E+02
    292.91     5.810276E+02
    292.92     5.810580E+02
    292.93     5.810885E+02
    292.94     5.811189E+02
    292.95     5.811494E+02
    292.96     5.811798E+02
    292.97     5.812103E+02
    292.98     5.812407E+02
    292.99     5.812712E+02
    293.00     5.813016E+02
    293.01     5.813321E+02
    293.02     5.813626E+02
    293.03     5.813932E+02
    293.04     5.814237E+02
    293.05     5.814542E+02
    293.06     5.814847E+02
    293.07     5.815152E+02
    293.08     5.815457E+02
    293.09     5.815763E+02
    293.10     5.816068E+02
    293.11     5.816373E+02
    293.12     5.816678E+02
    293.13     5.816983E+02
    293.14     5.817288E+02
    293.15     5.817594E+02
    293.16     5.817899E+02
    293.17     5.818204E+02
    293.18     5.818509E+02
    293.19     5.818814E+02
    293.20     5.819120E+02
    293.21     5.819425E+02
    293.22     5.819730E+02
    293.23     5.820035E+02
    293.24     5.820340E+02
    293.25     5.820645E+02
    293.26     5.820951E+02
    293.27     5.821256E+02
    293.28     5.821561E+02
    293.29     5.821866E+02
    293.30     5.822171E+02
    293.31     5.822476E+02
    293.32     5.822782E+02
    293.33     5.823087E+02
    293.34     5.823392E+02
    293.35     5.823697E+02
    293.36     5.824002E+02
    293.37     5.824307E+02
    293.38     5.824613E+02
    293.39     5.824918E+02
    293.40     5.825223E+02
    293.41     5.825528E+02
    293.42     5.825833E+02
    293.43     5.826138E+02
    293.44     5.826444E+02
    293.45     5.826749E+02
    293.46     5.827054E+02
    293.47     5.827359E+02
    293.48     5.827664E+02
    293.49     5.827969E+02
    293.50     5.828275E+02
    293.51     5.828580E+02
    293.52     5.828885E+02
    293.53     5.829190E+02
    293.54     5.829495E+02
    293.55     5.829801E+02
    293.56     5.830106E+02
    293.57     5.830411E+02
    293.58     5.830716E+02
    293.59     5.831021E+02
    293.60     5.831326E+02
    293.61     5.831632E+02
    293.62     5.831937E+02
    293.63     5.832242E+02
    293.64     5.832547E+02
    293.65     5.832852E+02
    293.66     5.833157E+02
    293.67     5.833463E+02
    293.68     5.833768E+02
    293.69     5.834073E+02
    293.70     5.834378E+02
    293.71     5.834683E+02
    293.72     5.834988E+02
    293.73     5.835294E+02
    293.74     5.835599E+02
    293.75     5.835904E+02
    293.76     5.836209E+02
    293.77     5.836514E+02
    293.78     5.836819E+02
    293.79     5.837125E+02
    293.80     5.837430E+02
    293.81     5.837735E+02
    293.82     5.838040E+02
    293.83     5.838345E+02
    293.84     5.838650E+02
    293.85     5.838956E+02
    293.86     5.839261E+02
    293.87     5.839566E+02
    293.88     5.839871E+02
    293.89     5.840176E+02
    293.90     5.840481E+02
    293.91     5.840787E+02
    293.92     5.841092E+02
    293.93     5.841397E+02
    293.94     5.841702E+02
    293.95     5.842007E+02
    293.96     5.842313E+02
    293.97     5.842618E+02
    293.98     5.842923E+02
    293.99     5.843228E+02
    294.00     5.843533E+02
    294.01     5.843839E+02
    294.02     5.844145E+02
    294.03     5.844451E+02
    294.04     5.844757E+02
    294.05     5.845063E+02
    294.06     5.845369E+02
    294.07     5.845674E+02
    294.08     5.845980E+02
    294.09     5.846286E+02
    294.10     5.846592E+02
    294.11     5.846898E+02
    294.12     5.847204E+02
    294.13     5.847510E+02
    294.14     5.847816E+02
    294.15     5.848122E+02
    294.16     5.848427E+02
    294.17     5.848733E+02
    294.18     5.849039E+02
    294.19     5.849345E+02
    294.20     5.849651E+02
    294.21     5.849957E+02
    294.22     5.850263E+02
    294.23     5.850569E+02
    294.24     5.850875E+02
    294.25     5.851180E+02
    294.26     5.851486E+02
    294.27     5.851792E+02
    294.28     5.852098E+02
    294.29     5.852404E+02
    294.30     5.852710E+02
    294.31     5.853016E+02
    294.32     5.853322E+02
    294.33     5.853628E+02
    294.34     5.853933E+02
    294.35     5.854239E+02
    294.36     5.854545E+02
    294.37     5.854851E+02
    294.38     5.855157E+02
    294.39     5.855463E+02
    294.40     5.855769E+02
    294.41     5.856075E+02
    294.42     5.856381E+02
    294.43     5.856686E+02
    294.44     5.856992E+02
    294.45     5.857298E+02
    294.46     5.857604E+02
    294.47     5.857910E+02
    294.48     5.858216E+02
    294.49     5.858522E+02
    294.50     5.858828E+02
    294.51     5.859134E+02
    294.52     5.859439E+02
    294.53     5.859745E+02
    294.54     5.860051E+02
    294.55     5.860357E+02
    294.56     5.860663E+02
    294.57     5.860969E+02
    294.58     5.861275E+02
    294.59     5.861581E+02
    294.60     5.861887E+02
    294.61     5.862192E+02
    294.62     5.862498E+02
    294.63     5.862804E+02
    294.64     5.863110E+02
    294.65     5.863416E+02
    294.66     5.863722E+02
    294.67     5.864028E+02
    294.68     5.864334E+02
    294.69     5.864640E+02
    294.70     5.864946E+02
    294.71     5.865251E+02
    294.72     5.865557E+02
    294.73     5.865863E+02
    294.74     5.866169E+02
    294.75     5.866475E+02
    294.76     5.866781E+02
    294.77     5.867087E+02
    294.78     5.867393E+02
    294.79     5.867699E+02
    294.80     5.868004E+02
    294.81     5.868310E+02
    294.82     5.868616E+02
    294.83     5.868922E+02
    294.84     5.869228E+02
    294.85     5.869534E+02
    294.86     5.869840E+02
    294.87     5.870146E+02
    294.88     5.870452E+02
    294.89     5.870757E+02
    294.90     5.871063E+02
    294.91     5.871369E+02
    294.92     5.871675E+02
    294.93     5.871981E+02
    294.94     5.872287E+02
    294.95     5.872593E+02
    294.96     5.872899E+02
    294.97     5.873205E+02
    294.98     5.873510E+02
    294.99     5.873816E+02
    295.00     5.874122E+02
    295.01     5.874429E+02
    295.02     5.874735E+02
    295.03     5.875042E+02
    295.04     5.875349E+02
    295.05     5.875655E+02
    295.06     5.875962E+02
    295.07     5.876268E+02
    295.08     5.876575E+02
    295.09     5.876882E+02
    295.10     5.877188E+02
    295.11     5.877495E+02
    295.12     5.877802E+02
    295.13     5.878108E+02
    295.14     5.878415E+02
    295.15     5.878721E+02
    295.16     5.879028E+02
    295.17     5.879335E+02
    295.18     5.879641E+02
    295.19     5.879948E+02
    295.20     5.880254E+02
    295.21     5.880561E+02
    295.22     5.880868E+02
    295.23     5.881174E+02
    295.24     5.881481E+02
    295.25     5.881788E+02
    295.26     5.882094E+02
    295.27     5.882401E+02
    295.28     5.882707E+02
    295.29     5.883014E+02
    295.30     5.883321E+02
    295.31     5.883627E+02
    295.32     5.883934E+02
    295.33     5.884240E+02
    295.34     5.884547E+02
    295.35     5.884854E+02
    295.36     5.885160E+02
    295.37     5.885467E+02
    295.38     5.885773E+02
    295.39     5.886080E+02
    295.40     5.886387E+02
    295.41     5.886693E+02
    295.42     5.887000E+02
    295.43     5.887307E+02
    295.44     5.887613E+02
    295.45     5.887920E+02
    295.46     5.888226E+02
    295.47     5.888533E+02
    295.48     5.888840E+02
    295.49     5.889146E+02
    295.50     5.889453E+02
    295.51     5.889759E+02
    295.52     5.890066E+02
    295.53     5.890373E+02
    295.54     5.890679E+02
    295.55     5.890986E+02
    295.56     5.891292E+02
    295.57     5.891599E+02
    295.58     5.891906E+02
    295.59     5.892212E+02
    295.60     5.892519E+02
    295.61     5.892826E+02
    295.62     5.893132E+02
    295.63     5.893439E+02
    295.64     5.893745E+02
    295.65     5.894052E+02
    295.66     5.894359E+02
    295.67     5.894665E+02
    295.68     5.894972E+02
    295.69     5.895278E+02
    295.70     5.895585E+02
    295.71     5.895892E+02
    295.72     5.896198E+02
    295.73     5.896505E+02
    295.74     5.896811E+02
    295.75     5.897118E+02
    295.76     5.897425E+02
    295.77     5.897731E+02
    295.78     5.898038E+02
    295.79     5.898345E+02
    295.80     5.898651E+02
    295.81     5.898958E+02
    295.82     5.899264E+02
    295.83     5.899571E+02
    295.84     5.899878E+02
    295.85     5.900184E+02
    295.86     5.900491E+02
    295.87     5.900797E+02
    295.88     5.901104E+02
    295.89     5.901411E+02
    295.90     5.901717E+02
    295.91     5.902024E+02
    295.92     5.902331E+02
    295.93     5.902637E+02
    295.94     5.902944E+02
    295.95     5.903250E+02
    295.96     5.903557E+02
    295.97     5.903864E+02
    295.98     5.904170E+02
    295.99     5.904477E+02
    296.00     5.904783E+02
    296.01     5.905091E+02
    296.02     5.905398E+02
    296.03     5.905705E+02
    296.04     5.906013E+02
    296.05     5.906320E+02
    296.06     5.906627E+02
    296.07     5.906935E+02
    296.08     5.907242E+02
    296.09     5.907549E+02
    296.10     5.907857E+02
    296.11     5.908164E+02
    296.12     5.908471E+02
    296.13     5.908779E+02
    296.14     5.909086E+02
    296.15     5.909393E+02
    296.16     5.909701E+02
    296.17     5.910008E+02
    296.18     5.910315E+02
    296.19     5.910623E+02
    296.20     5.910930E+02
    296.21     5.911237E+02
    296.22     5.911545E+02
    296.23     5.911852E+02
    296.24     5.912159E+02
    296.25     5.912467E+02
    296.26     5.912774E+02
    296.27     5.913081E+02
    296.28     5.913389E+02
    296.29     5.913696E+02
    296.30     5.914003E+02
    296.31     5.914311E+02
    296.32     5.914618E+02
    296.33     5.914925E+02
    296.34     5.915233E+02
    296.35     5.915540E+02
    296.36     5.915847E+02
    296.37     5.916155E+02
    296.38     5.916462E+02
    296.39     5.916770E+02
    296.40     5.917077E+02
    296.41     5.917384E+02
    296.42     5.917692E+02
    296.43     5.917999E+02
    296.44     5.918306E+02
    296.45     5.918614E+02
    296.46     5.918921E+02
    296.47     5.919228E+02
    296.48     5.919536E+02
    296.49     5.919843E+02
    296.50     5.920150E+02
    296.51     5.920458E+02
    296.52     5.920765E+02
    296.53     5.921072E+02
    296.54     5.921380E+02
    296.55     5.921687E+02
    296.56     5.921994E+02
    296.57     5.922302E+02
    296.58     5.922609E+02
    296.59     5.922916E+02
    296.60     5.923224E+02
    296.61     5.923531E+02
    296.62     5.923838E+02
    296.63     5.924146E+02
    296.64     5.924453E+02
    296.65     5.924760E+02
    296.66     5.925068E+02
    296.67     5.925375E+02
    296.68     5.925682E+02
    296.69     5.925990E+02
    296.70     5.926297E+02
    296.71     5.926604E+02
    296.72     5.926912E+02
    296.73     5.927219E+02
    296.74     5.927526E+02
    296.75     5.927834E+02
    296.76     5.928141E+02
    296.77     5.928448E+02
    296.78     5.928756E+02
    296.79     5.929063E+02
    296.80     5.929370E+02
    296.81     5.929678E+02
    296.82     5.929985E+02
    296.83     5.930292E+02
    296.84     5.930600E+02
    296.85     5.930907E+02
    296.86     5.931214E+02
    296.87     5.931522E+02
    296.88     5.931829E+02
    296.89     5.932136E+02
    296.90     5.932444E+02
    296.91     5.932751E+02
    296.92     5.933058E+02
    296.93     5.933366E+02
    296.94     5.933673E+02
    296.95     5.933980E+02
    296.96     5.934288E+02
    296.97     5.934595E+02
    296.98     5.934902E+02
    296.99     5.935210E+02
    297.00     5.935517E+02
    297.01     5.935825E+02
    297.02     5.936133E+02
    297.03     5.936441E+02
    297.04     5.936749E+02
    297.05     5.937057E+02
    297.06     5.937365E+02
    297.07     5.937673E+02
    297.08     5.937981E+02
    297.09     5.938290E+02
    297.10     5.938598E+02
    297.11     5.938906E+02
    297.12     5.939214E+02
    297.13     5.939522E+02
    297.14     5.939830E+02
    297.15     5.940138E+02
    297.16     5.940446E+02
    297.17     5.940754E+02
    297.18     5.941062E+02
    297.19     5.941370E+02
    297.20     5.941678E+02
    297.21     5.941986E+02
    297.22     5.942294E+02
    297.23     5.942602E+02
    297.24     5.942910E+02
    297.25     5.943219E+02
    297.26     5.943527E+02
    297.27     5.943835E+02
    297.28     5.944143E+02
    297.29     5.944451E+02
    297.30     5.944759E+02
    297.31     5.945067E+02
    297.32     5.945375E+02
    297.33     5.945683E+02
    297.34     5.945991E+02
    297.35     5.946299E+02
    297.36     5.946607E+02
    297.37     5.946915E+02
    297.38     5.947223E+02
    297.39     5.947531E+02
    297.40     5.947839E+02
    297.41     5.948148E+02
    297.42     5.948456E+02
    297.43     5.948764E+02
    297.44     5.949072E+02
    297.45     5.949380E+02
    297.46     5.949688E+02
    297.47     5.949996E+02
    297.48     5.950304E+02
    297.49     5.950612E+02
    297.50     5.950920E+02
    297.51     5.951228E+02
    297.52     5.951536E+02
    297.53     5.951844E+02
    297.54     5.952152E+02
    297.55     5.952460E+02
    297.56     5.952768E+02
    297.57     5.953077E+02
    297.58     5.953385E+02
    297.59     5.953693E+02
    297.60     5.954001E+02
    297.61     5.954309E+02
    297.62     5.954617E+02
    297.63     5.954925E+02
    297.64     5.955233E+02
    297.65     5.955541E+02
    297.66     5.955849E+02
    297.67     5.956157E+02
    297.68     5.956465E+02
    297.69     5.956773E+02
    297.70     5.957081E+02
    297.71     5.957389E+02
    297.72     5.957697E+02
    297.73     5.958006E+02
    297.74     5.958314E+02
    297.75     5.958622E+02
    297.76     5.958930E+02
    297.77     5.959238E+02
    297.78     5.959546E+02
    297.79     5.959854E+02
    297.80     5.960162E+02
    297.81     5.960470E+02
    297.82     5.960778E+02
    297.83     5.961086E+02
    297.84     5.961394E+02
    297.85     5.961702E+02
    297.86     5.962010E+02
    297.87     5.962318E+02
    297.88     5.962626E+02
    297.89     5.962935E+02
    297.90     5.963243E+02
    297.91     5.963551E+02
    297.92     5.963859E+02
    297.93     5.964167E+02
    297.94     5.964475E+02
    297.95     5.964783E+02
    297.96     5.965091E+02
    297.97     5.965399E+02
    297.98     5.965707E+02
    297.99     5.966015E+02
    298.00     5.966323E+02
    298.01     5.966632E+02
    298.02     5.966941E+02
    298.03     5.967250E+02
    298.04     5.967558E+02
    298.05     5.967867E+02
    298.06     5.968176E+02
    298.07     5.968485E+02
    298.08     5.968794E+02
    298.09     5.969102E+02
    298.10     5.969411E+02
    298.11     5.969720E+02
    298.12     5.970029E+02
    298.13     5.970337E+02
    298.14     5.970646E+02
    298.15     5.970955E+02
    298.16     5.971264E+02
    298.17     5.971573E+02
    298.18     5.971881E+02
    298.19     5.972190E+02
    298.20     5.972499E+02
    298.21     5.972808E+02
    298.22     5.973117E+02
    298.23     5.973425E+02
    298.24     5.973734E+02
    298.25     5.974043E+02
    298.26     5.974352E+02
    298.27     5.974661E+02
    298.28     5.974969E+02
    298.29     5.975278E+02
    298.30     5.975587E+02
    298.31     5.975896E+02
    298.32     5.976205E+02
    298.33     5.976513E+02
    298.34     5.976822E+02
    298.35     5.977131E+02
    298.36     5.977440E+02
    298.37     5.977748E+02
    298.38     5.978057E+02
    298.39     5.978366E+02
    298.40     5.978675E+02
    298.41     5.978984E+02
    298.42     5.979292E+02
    298.43     5.979601E+02
    298.44     5.979910E+02
    298.45     5.980219E+02
    298.46     5.980528E+02
    298.47     5.980836E+02
    298.48     5.981145E+02
    298.49     5.981454E+02
    298.50     5.981763E+02
    298.51     5.982072E+02
    298.52     5.982380E+02
    298.53     5.982689E+02
    298.54     5.982998E+02
    298.55     5.983307E+02
    298.56     5.983615E+02
    298.57     5.983924E+02
    298.58     5.984233E+02
    298.59     5.984542E+02
    298.60     5.984851E+02
    298.61     5.985159E+02
    298.62     5.985468E+02
    298.63     5.985777E+02
    298.64     5.986086E+02
    298.65     5.986395E+02
    298.66     5.986703E+02
    298.67     5.987012E+02
    298.68     5.987321E+02
    298.69     5.987630E+02
    298.70     5.987939E+02
    298.71     5.988247E+02
    298.72     5.988556E+02
    298.73     5.988865E+02
    298.74     5.989174E+02
    298.75     5.989483E+02
    298.76     5.989791E+02
    298.77     5.990100E+02
    298.78     5.990409E+02
    298.79     5.990718E+02
    298.80     5.991026E+02
    298.81     5.991335E+02
    298.82     5.991644E+02
    298.83     5.991953E+02
    298.84     5.992262E+02
    298.85     5.992570E+02
    298.86     5.992879E+02
    298.87     5.993188E+02
    298.88     5.993497E+02
    298.89     5.993806E+02
    298.90     5.994114E+02
    298.91     5.994423E+02
    298.92     5.994732E+02
    298.93     5.995041E+02
    298.94     5.995350E+02
    298.95     5.995658E+02
    298.96     5.995967E+02
    298.97     5.996276E+02
    298.98     5.996585E+02
    298.99     5.996894E+02
    299.00     5.997202E+02
    299.01     5.997512E+02
    299.02     5.997821E+02
    299.03     5.998131E+02
    299.04     5.998440E+02
    299.05     5.998750E+02
    299.06     5.999059E+02
    299.07     5.999369E+02
    299.08     5.999678E+02
    299.09     5.999988E+02
    299.10     6.000298E+02
    299.11     6.000607E+02
    299.12     6.000917E+02
    299.13     6.001226E+02
    299.14     6.001536E+02
    299.15     6.001845E+02
    299.16     6.002155E+02
    299.17     6.002464E+02
    299.18     6.002774E+02
    299.19     6.003083E+02
    299.20     6.003393E+02
    299.21     6.003702E+02
    299.22     6.004012E+02
    299.23     6.004321E+02
    299.24     6.004631E+02
    299.25     6.004940E+02
    299.26     6.005250E+02
    299.27     6.005559E+02
    299.28     6.005869E+02
    299.29     6.006178E+02
    299.30     6.006488E+02
    299.31     6.006798E+02
    299.32     6.007107E+02
    299.33     6.007417E+02
    299.34     6.007726E+02
    299.35     6.008036E+02
    299.36     6.008345E+02
    299.37     6.008655E+02
    299.38     6.008964E+02
    299.39     6.009274E+02
    299.40     6.009583E+02
    299.41     6.009893E+02
    299.42     6.010202E+02
    299.43     6.010512E+02
    299.44     6.010821E+02
    299.45     6.011131E+02
    299.46     6.011440E+02
    299.47     6.011750E+02
    299.48     6.012059E+02
    299.49     6.012369E+02
    299.50     6.012678E+02
    299.51     6.012988E+02
    299.52     6.013297E+02
    299.53     6.013607E+02
    299.54     6.013917E+02
    299.55     6.014226E+02
    299.56     6.014536E+02
    299.57     6.014845E+02
    299.58     6.015155E+02
    299.59     6.015464E+02
    299.60     6.015774E+02
    299.61     6.016083E+02
    299.62     6.016393E+02
    299.63     6.016702E+02
    299.64     6.017012E+02
    299.65     6.017321E+02
    299.66     6.017631E+02
    299.67     6.017940E+02
    299.68     6.018250E+02
    299.69     6.018559E+02
    299.70     6.018869E+02
    299.71     6.019178E+02
    299.72     6.019488E+02
    299.73     6.019797E+02
    299.74     6.020107E+02
    299.75     6.020417E+02
    299.76     6.020726E+02
    299.77     6.021036E+02
    299.78     6.021345E+02
    299.79     6.021655E+02
    299.80     6.021964E+02
    299.81     6.022274E+02
    299.82     6.022583E+02
    299.83     6.022893E+02
    299.84     6.023202E+02
    299.85     6.023512E+02
    299.86     6.023821E+02
    299.87     6.024131E+02
    299.88     6.024440E+02
    299.89     6.024750E+02
    299.90     6.025059E+02
    299.91     6.025369E+02
    299.92     6.025678E+02
    299.93     6.025988E+02
    299.94     6.026297E+02
    299.95     6.026607E+02
    299.96     6.026917E+02
    299.97     6.027226E+02
    299.98     6.027536E+02
    299.99     6.027845E+02
    300.00     6.028155E+02
