$DATA
    290.00     1.144259E+03
    290.01     1.144320E+03
    290.02     1.144380E+03
    290.03     1.144441E+03
    290.04     1.144501E+03
    290.05     1.144562E+03
    290.06     1.144623E+03
    290.07     1.144683E+03
    290.08     1.144744E+03
    290.09     1.144804E+03
    290.10     1.144865E+03
    290.11     1.144925E+03
    290.12     1.144986E+03
    290.13     1.145047E+03
    290.14     1.145107E+03
    290.15     1.145168E+03
    290.16     1.145228E+03
    290.17     1.145289E+03
    290.18     1.145350E+03
    290.19     1.145410E+03
    290.20     1.145471E+03
    290.21     1.145531E+03
    290.22     1.145592E+03
    290.23     1.145653E+03
    290.24     1.145713E+03
    290.25     1.145774E+03
    290.26     1.145834E+03
    290.27     1.145895E+03
    290.28     1.145955E+03
    290.29     1.146016E+03
    290.30     1.146077E+03
    290.31     1.146137E+03
    290.32     1.146198E+03
    290.33     1.146258E+03
    290.34     1.146319E+03
    290.35     1.146380E+03
    290.36     1.146440E+03
    290.37     1.146501E+03
    290.38     1.146561E+03
    290.39     1.146622E+03
    290.40     1.146683E+03
    290.41     1.146743E+03
    290.42     1.146804E+03
    290.43     1.146864E+03
    290.44     1.146925E+03
    290.45     1.146985E+03
    290.46     1.147046E+03
    290.47     1.147107E+03
    290.48     1.147167E+03
    290.49     1.147228E+03
    290.50     1.147288E+03
    290.51     1.147349E+03
    290.52     1.147410E+03
    290.53     1.147470E+03
    290.54     1.147531E+03
    290.55     1.147591E+03
    290.56     1.147652E+03
    290.57     1.147713E+03
    290.58     1.147773E+03
    290.59     1.147834E+03
    290.60     1.147894E+03
    290.61     1.147955E+03
    290.62     1.148015E+03
    290.63     1.148076E+03
    290.64     1.148137E+03
    290.65     1.148197E+03
    290.66     1.148258E+03
    290.67     1.148318E+03
    290.68     1.148379E+03
    290.69     1.148440E+03
    290.70     1.148500E+03
    290.71     1.148561E+03
    290.72     1.148621E+03
    290.73     1.148682E+03
    290.74     1.148742E+03
    290.75     1.148803E+03
    290.76     1.148864E+03
    290.77     1.148924E+03
    290.78     1.148985E+03
    290.79     1.149045E+03
    290.80     1.149106E+03
    290.81     1.149167E+03
    290.82     1.149227E+03
    290.83     1.149288E+03
    290.84     1.149348E+03
    290.85     1.149409E+03
    290.86     1.149470E+03
    290.87     1.149530E+03
    290.88     1.149591E+03
    290.89     1.149651E+03
    290.90     1.149712E+03
    290.91     1.149772E+03
    290.92     1.149833E+03
    290.93     1.149894E+03
    290.94     1.149954E+03
    290.95     1.150015E+03
    290.96     1.150075E+03
    290.97     1.150136E+03
    290.98     1.150197E+03
    290.99     1.150257E+03
    291.00     1.150318E+03
    291.01     1.150378E+03
    291.02     1.150439E+03
    291.03     1.150500E+03
    291.04     1.150561E+03
    291.05     1.150621E+03
    291.06     1.150682E+03
    291.07     1.150743E+03
    291.08     1.150803E+03
    291.09     1.150864E+03
    291.10     1.150925E+03
    291.11     1.150986E+03
    291.12     1.151046E+03
    291.13     1.151107E+03
    291.14     1.151168E+03
    291.15     1.151228E+03
    291.16     1.151289E+03
    291.17     1.151350E+03
    291.18     1.151410E+03
    291.19     1.151471E+03
    291.20     1.151532E+03
    291.21     1.151593E+03
    291.22     1.151653E+03
    291.23     1.151714E+03
    291.24     1.151775E+03
    291.25     1.151835E+03
    291.26     1.151896E+03
    291.27     1.151957E+03
    291.28     1.152018E+03
    291.29     1.152078E+03
    291.30     1.152139E+03
    291.31     1.152200E+03
    291.32     1.152260E+03
    291.33     1.152321E+03
    291.34     1.152382E+03
    291.35     1.152442E+03
    291.36     1.152503E+03
    291.37     1.152564E+03
    291.38     1.152625E+03
    291.39     1.152685E+03
    291.40     1.152746E+03
    291.41     1.152807E+03
    291.42     1.152867E+03
    291.43     1.152928E+03
    291.44     1.152989E+03
    291.45     1.153049E+03
    291.46     1.153110E+03
    291.47     1.153171E+03
    291.48     1.153232E+03
    291.49     1.153292E+03
    291.50     1.153353E+03
    291.51     1.153414E+03
    291.52     1.153474E+03
    291.53     1.153535E+03
    291.54     1.153596E+03
    291.55     1.153657E+03
    291.56     1.153717E+03
    291.57     1.153778E+03
    291.58     1.153839E+03
    291.59     1.153899E+03
    291.60     1.153960E+03
    291.61     1.154021E+03
    291.62     1.154081E+03
    291.63     1.154142E+03
    291.64     1.154203E+03
    291.65     1.154264E+03
    291.66     1.154324E+03
    291.67     1.154385E+03
    291.68     1.154446E+03
    291.69     1.154506E+03
    291.70     1.154567E+03
    291.71     1.154628E+03
    291.72     1.154689E+03
    291.73     1.154749E+03
    291.74     1.154810E+03
    291.75     1.154871E+03
    291.76     1.154931E+03
    291.77     1.154992E+03
    291.78     1.155053E+03
    291.79     1.155113E+03
    291.80     1.155174E+03
    291.81     1.155235E+03
    291.82     1.155296E+03
    291.83     1.155356E+03
    291.84     1.155417E+03
    291.85     1.155478E+03
    291.86     1.155538E+03
    291.87     1.155599E+03
    291.88     1.155660E+03
    291.89     1.155720E+03
    291.90     1.155781E+03
    291.91     1.155842E+03
    291.92     1.155903E+03
    291.93     1.155963E+03
    291.94     1.156024E+03
    291.95     1.156085E+03
    291.96     1.156145E+03
    291.97     1.156206E+03
    291.98     1.156267E+03
    291.99     1.156328E+03
    292.00     1.156388E+03
    292.01     1.156449E+03
    292.02     1.156510E+03
    292.03     1.156571E+03
    292.04     1.156632E+03
    292.05     1.156693E+03
    292.06     1.156754E+03
    292.07     1.156815E+03
    292.08     1.156876E+03
    292.09     1.156937E+03
    292.10     1.156998E+03
    292.11     1.157059E+03
    292.12     1.157120E+03
    292.13     1.157180E+03
    292.14     1.157241E+03
    292.15     1.157302E+03
    292.16     1.157363E+03
    292.17     1.157424E+03
    292.18     1.157485E+03
    292.19     1.157546E+03
    292.20     1.157607E+03
    292.21     1.157668E+03
    292.22     1.157729E+03
    292.23     1.157790E+03
    292.24     1.157851E+03
    292.25     1.157912E+03
    292.26     1.157973E+03
    292.27     1.158034E+03
    292.28     1.158095E+03
    292.29     1.158155E+03
    292.30     1.158216E+03
    292.31     1.158277E+03
    292.32     1.158338E+03
    292.33     1.158399E+03
    292.34     1.158460E+03
    292.35     1.158521E+03
    292.36     1.158582E+03
    292.37     1.158643E+03
    292.38     1.158704E+03
    292.39     1.158765E+03
    292.40     1.158826E+03
    292.41     1.158887E+03
    292.42     1.158948E+03
    292.43     1.159009E+03
    292.44     1.159070E+03
    292.45     1.159130E+03
    292.46     1.159191E+03
    292.47     1.159252E+03
    292.48     1.159313E+03
    292.49     1.159374E+03
    292.50     1.159435E+03
    292.51     1.159496E+03
    292.52     1.159557E+03
    292.53     1.159618E+03
    292.54     1.159679E+03
    292.55     1.159740E+03
    292.56     1.159801E+03
    292.57     1.159862E+03
    292.58     1.159923E+03
    292.59     1.159984E+03
    292.60     1.160045E+03
    292.61     1.160105E+03
    292.62     1.160166E+03
    292.63     1.160227E+03
    292.64     1.160288E+03
    292.65     1.160349E+03
    292.66     1.160410E+03
    292.67     1.160471E+03
    292.68     1.160532E+03
    292.69     1.160593E+03
    292.70     1.160654E+03
    292.71     1.160715E+03
    292.72     1.160776E+03
    292.73     1.160837E+03
    292.74     1.160898E+03
    292.75     1.160959E+03
    292.76     1.161020E+03
    292.77     1.161080E+03
    292.78     1.161141E+03
    292.79     1.161202E+03
    292.80     1.161263E+03
    292.81     1.161324E+03
    292.82     1.161385E+03
    292.83     1.161446E+03
    292.84     1.161507E+03
    292.85     1.161568E+03
    292.86     1.161629E+03
    292.87     1.161690E+03
    292.88     1.161751E+03
    292.89     1.161812E+03
    292.90     1.161873E+03
    292.91     1.161934E+03
    292.92     1.161995E+03
    292.93     1.162055E+03
    292.94     1.162116E+03
    292.95     1.162177E+03
    292.96     1.162238E+03
    292.97     1.162299E+03
    292.98     1.162360E+03
    292.99     1.162421E+03
    293.00     1.162482E+03
    293.01     1.162543E+03
    293.02     1.162604E+03
    293.03     1.162665E+03
    293.04     1.162726E+03
    293.05     1.162787E+03
    293.06     1.162848E+03
    293.07     1.162909E+03
    293.08     1.162970E+03
    293.09     1.163030E+03
    293.10     1.163091E+03
    293.11     1.163152E+03
    293.12     1.163213E+03
    293.13     1.163274E+03
    293.14     1.163335E+03
    293.15     1.163396E+03
    293.16     1.163457E+03
    293.17     1.163518E+03
    293.18     1.163579E+03
    293.19     1.163640E+03
    293.20     1.163701E+03
    293.21     1.163762E+03
    293.22     1.163823E+03
    293.23     1.163884E+03
    293.24     1.163945E+03
    293.25     1.164006E+03
    293.26     1.164066E+03
    293.27     1.164127E+03
    293.28     1.164188E+03
    293.29     1.164249E+03
    293.30     1.164310E+03
    293.31     1.164371E+03
    293.32     1.164432E+03
    293.33     1.164493E+03
    293.34     1.164554E+03
    293.35     1.164615E+03
    293.36     1.164676E+03
    293.37     1.164737E+03
    293.38     1.164798E+03
    293.39     1.164859E+03
    293.40     1.164920E+03
    293.41     1.164981E+03
    293.42     1.165042E+03
    293.43     1.165102E+03
    293.44     1.165163E+03
    293.45     1.165224E+03
    293.46     1.165285E+03
    293.47     1.165346E+03
    293.48     1.165407E+03
    293.49     1.165468E+03
    293.50     1.165529E+03
    293.51     1.165590E+03
    293.52     1.165651E+03
    293.53     1.165712E+03
    293.54     1.165773E+03
    293.55     1.165834E+03
    293.56     1.165895E+03
    293.57     1.165956E+03
    293.58     1.166017E+03
    293.59     1.166078E+03
    293.60     1.166138E+03
    293.61     1.166199E+03
    293.62     1.166260E+03
    293.63     1.166321E+03
    293.64     1.166382E+03
    293.65     1.166443E+03
    293.66     1.166504E+03
    293.67     1.166565E+03
    293.68     1.166626E+03
    293.69     1.166687E+03
    293.70     1.166748E+03
    293.71     1.166809E+03
    293.72     1.166870E+03
    293.73     1.166931E+03
    293.74     1.166992E+03
    293.75     1.167053E+03
    293.76     1.167113E+03
    293.77     1.167174E+03
    293.78     1.167235E+03
    293.79     1.167296E+03
    293.80     1.167357E+03
    293.81     1.167418E+03
    293.82     1.167479E+03
    293.83     1.167540E+03
    293.84     1.167601E+03
    293.85     1.167662E+03
    293.86     1.167723E+03
    293.87     1.167784E+03
    293.88     1.167845E+03
    293.89     1.167906E+03
    293.90     1.167967E+03
    293.91     1.168028E+03
    293.92     1.168089E+03
    293.93     1.168149E+03
    293.94     1.168210E+03
    293.95     1.168271E+03
    293.96     1.168332E+03
    293.97     1.168393E+03
    293.98     1.168454E+03
    293.99     1.168515E+03
    294.00     1.168576E+03
    294.01     1.168637E+03
    294.02     1.168698E+03
    294.03     1.168760E+03
    294.04     1.168821E+03
    294.05     1.168882E+03
    294.06     1.168943E+03
    294.07     1.169004E+03
    294.08     1.169065E+03
    294.09     1.169127E+03
    294.10     1.169188E+03
    294.11     1.169249E+03
    294.12     1.169310E+03
    294.13     1.169371E+03
    294.14     1.169432E+03
    294.15     1.169494E+03
    294.16     1.169555E+03
    294.17     1.169616E+03
    294.18     1.169677E+03
    294.19     1.169738E+03
    294.20     1.169800E+03
    294.21     1.169861E+03
    294.22     1.169922E+03
    294.23     1.169983E+03
    294.24     1.170044E+03
    294.25     1.170105E+03
    294.26     1.170167E+03
    294.27     1.170228E+03
    294.28     1.170289E+03
    294.29     1.170350E+03
    294.30     1.170411E+03
    294.31     1.170472E+03
    294.32     1.170534E+03
    294.33     1.170595E+03
    294.34     1.170656E+03
    294.35     1.170717E+03
    294.36     1.170778E+03
    294.37     1.170839E+03
    294.38     1.170901E+03
    294.39     1.170962E+03
    294.40     1.171023E+03
    294.41     1.171084E+03
    294.42     1.171145E+03
    294.43     1.171207E+03
    294.44     1.171268E+03
    294.45     1.171329E+03
    294.46     1.171390E+03
    294.47     1.171451E+03
    294.48     1.171512E+03
    294.49     1.171574E+03
    294.50     1.171635E+03
    294.51     1.171696E+03
    294.52     1.171757E+03
    294.53     1.171818E+03
    294.54     1.171879E+03
    294.55     1.171941E+03
    294.56     1.172002E+03
    294.57     1.172063E+03
    294.58     1.172124E+03
    294.59     1.172185E+03
    294.60     1.172246E+03
    294.61     1.172308E+03
    294.62     1.172369E+03
    294.63     1.172430E+03
    294.64     1.172491E+03
    294.65     1.172552E+03
    294.66     1.172614E+03
    294.67     1.172675E+03
    294.68     1.172736E+03
    294.69     1.172797E+03
    294.70     1.172858E+03
    294.71     1.172919E+03
    294.72     1.172981E+03
    294.73     1.173042E+03
    294.74     1.173103E+03
    294.75     1.173164E+03
    294.76     1.173225E+03
    294.77     1.173286E+03
    294.78     1.173348E+03
    294.79     1.173409E+03
    294.80     1.173470E+03
    294.81     1.173531E+03
    294.82     1.173592E+03
    294.83     1.173654E+03
    294.84     1.173715E+03
    294.85     1.173776E+03
    294.86     1.173837E+03
    294.87     1.173898E+03
    294.88     1.173959E+03
    294.89     1.174021E+03
    294.90     1.174082E+03
    294.91     1.174143E+03
    294.92     1.174204E+03
    294.93     1.174265E+03
    294.94     1.174326E+03
    294.95     1.174388E+03
    294.96     1.174449E+03
    294.97     1.174510E+03
    294.98     1.174571E+03
    294.99     1.174632E+03
    295.00     1.174693E+03
    295.01     1.174755E+03
    295.02     1.174816E+03
    295.03     1.174877E+03
    295.04     1.174939E+03
    295.05     1.175000E+03
    295.06     1.175061E+03
    295.07     1.175123E+03
    295.08     1.175184E+03
    295.09     1.175245E+03
    295.10     1.175306E+03
    295.11     1.175368E+03
    295.12     1.175429E+03
    295.13     1.175490E+03
    295.14     1.175552E+03
    295.15     1.175613E+03
    295.16     1.175674E+03
    295.17     1.175735E+03
    295.18     1.175797E+03
    295.19     1.175858E+03
    295.20     1.175919E+03
    295.21     1.175981E+03
    295.22     1.176042E+03
    295.23     1.176103E+03
    295.24     1.176164E+03
    295.25     1.176226E+03
    295.26     1.176287E+03
    295.27     1.176348E+03
    295.28     1.176410E+03
    295.29     1.176471E+03
    295.30     1.176532E+03
    295.31     1.176594E+03
    295.32     1.176655E+03
    295.33     1.176716E+03
    295.34     1.176777E+03
    295.35     1.176839E+03
    295.36     1.176900E+03
    295.37     1.176961E+03
    295.38     1.177023E+03
    295.39     1.177084E+03
    295.40     1.177145E+03
    295.41     1.177206E+03
    295.42     1.177268E+03
    295.43     1.177329E+03
    295.44     1.177390E+03
    295.45     1.177452E+03
    295.46     1.177513E+03
    295.47     1.177574E+03
    295.48     1.177635E+03
    295.49     1.177697E+03
    295.50     1.177758E+03
    295.51     1.177819E+03
    295.52     1.177881E+03
    295.53     1.177942E+03
    295.54     1.178003E+03
    295.55     1.178065E+03
    295.56     1.178126E+03
    295.57     1.178187E+03
    295.58     1.178248E+03
    295.59     1.178310E+03
    295.60     1.178371E+03
    295.61     1.178432E+03
    295.62     1.178494E+03
    295.63     1.178555E+03
    295.64     1.178616E+03
    295.65     1.178677E+03
    295.66     1.178739E+03
    295.67     1.178800E+03
    295.68     1.178861E+03
    295.69     1.178923E+03
    295.70     1.178984E+03
    295.71     1.179045E+03
    295.72     1.179106E+03
    295.73     1.179168E+03
    295.74     1.179229E+03
    295.75     1.179290E+03
    295.76     1.179352E+03
    295.77     1.179413E+03
    295.78     1.179474E+03
    295.79     1.179536E+03
    295.80     1.179597E+03
    295.81     1.179658E+03
    295.82     1.179719E+03
    295.83     1.179781E+03
    295.84     1.179842E+03
    295.85     1.179903E+03
    295.86     1.179965E+03
    295.87     1.180026E+03
    295.88     1.180087E+03
    295.89     1.180148E+03
    295.90     1.180210E+03
    295.91     1.180271E+03
    295.92     1.180332E+03
    295.93     1.180394E+03
    295.94     1.180455E+03
    295.95     1.180516E+03
    295.96     1.180578E+03
    295.97     1.180639E+03
    295.98     1.180700E+03
    295.99     1.180761E+03
    296.00     1.180823E+03
    296.01     1.180884E+03
    296.02     1.180946E+03
    296.03     1.181007E+03
    296.04     1.181068E+03
    296.05     1.181130E+03
    296.06     1.181191E+03
    296.07     1.181253E+03
    296.08     1.181314E+03
    296.09     1.181375E+03
    296.10     1.181437E+03
    296.11     1.181498E+03
    296.12     1.181560E+03
    296.13     1.181621E+03
    296.14     1.181682E+03
    296.15     1.181744E+03
    296.16     1.181805E+03
    296.17     1.181867E+03
    296.18     1.181928E+03
    296.19     1.181989E+03
    296.20     1.182051E+03
    296.21     1.182112E+03
    296.22     1.182174E+03
    296.23     1.182235E+03
    296.24     1.182297E+03
    296.25     1.182358E+03
    296.26     1.182419E+03
    296.27     1.182481E+03
    296.28     1.182542E+03
    296.29     1.182604E+03
    296.30     1.182665E+03
    296.31     1.182726E+03
    296.32     1.182788E+03
    296.33     1.182849E+03
    296.34     1.182911E+03
    296.35     1.182972E+03
    296.36     1.183033E+03
    296.37     1.183095E+03
    296.38     1.183156E+03
    296.39     1.183218E+03
    296.40     1.183279E+03
    296.41     1.183341E+03
    296.42     1.183402E+03
    296.43     1.183463E+03
    296.44     1.183525E+03
    296.45     1.183586E+03
    296.46     1.183648E+03
    296.47     1.183709E+03
    296.48     1.183770E+03
    296.49     1.183832E+03
    296.50     1.183893E+03
    296.51     1.183955E+03
    296.52     1.184016E+03
    296.53     1.184077E+03
    296.54     1.184139E+03
    296.55     1.184200E+03
    296.56     1.184262E+03
    296.57     1.184323E+03
    296.58     1.184384E+03
    296.59     1.184446E+03
    296.60     1.184507E+03
    296.61     1.184569E+03
    296.62     1.184630E+03
    296.63     1.184692E+03
    296.64     1.184753E+03
    296.65     1.184814E+03
    296.66     1.184876E+03
    296.67     1.184937E+03
    296.68     1.184999E+03
    296.69     1.185060E+03
    296.70     1.185121E+03
    296.71     1.185183E+03
    296.72     1.185244E+03
    296.73     1.185306E+03
    296.74     1.185367E+03
    296.75     1.185428E+03
    296.76     1.185490E+03
    296.77     1.185551E+03
    296.78     1.185613E+03
    296.79     1.185674E+03
    296.80     1.185736E+03
    296.81     1.185797E+03
    296.82     1.185858E+03
    296.83     1.185920E+03
    296.84     1.185981E+03
    296.85     1.186043E+03
    296.86     1.186104E+03
    296.87     1.186165E+03
    296.88     1.186227E+03
    296.89     1.186288E+03
    296.90     1.186350E+03
    296.91     1.186411E+03
    296.92     1.186472E+03
    296.93     1.186534E+03
    296.94     1.186595E+03
    296.95     1.186657E+03
    296.96     1.186718E+03
    296.97     1.186779E+03
    296.98     1.186841E+03
    296.99     1.186902E+03
    297.00     1.186964E+03
    297.01     1.187025E+03
    297.02     1.187087E+03
    297.03     1.187149E+03
    297.04     1.187210E+03
    297.05     1.187272E+03
    297.06     1.187334E+03
    297.07     1.187395E+03
    297.08     1.187457E+03
    297.09     1.187519E+03
    297.10     1.187580E+03
    297.11     1.187642E+03
    297.12     1.187703E+03
    297.13     1.187765E+03
    297.14     1.187827E+03
    297.15     1.187888E+03
    297.16     1.187950E+03
    297.17     1.188012E+03
    297.18     1.188073E+03
    297.19     1.188135E+03
    297.20     1.188197E+03
    297.21     1.188258E+03
    297.22     1.188320E+03
    297.23     1.188382E+03
    297.24     1.188443E+03
    297.25     1.188505E+03
    297.26     1.188567E+03
    297.27     1.188628E+03
    297.28     1.188690E+03
    297.29     1.188751E+03
    297.30     1.188813E+03
    297.31     1.188875E+03
    297.32     1.188936E+03
    297.33     1.188998E+03
    297.34     1.189060E+03
    297.35     1.189121E+03
    297.36     1.189183E+03
    297.37     1.189245E+03
    297.38     1.189306E+03
    297.39     1.189368E+03
    297.40     1.189430E+03
    297.41     1.189491E+03
    297.42     1.189553E+03
    297.43     1.189615E+03
    297.44     1.189676E+03
    297.45     1.189738E+03
    297.46     1.189799E+03
    297.47     1.189861E+03
    297.48     1.189923E+03
    297.49     1.189984E+03
    297.50     1.190046E+03
    297.51     1.190108E+03
    297.52     1.190169E+03
    297.53     1.190231E+03
    297.54     1.190293E+03
    297.55     1.190354E+03
    297.56     1.190416E+03
    297.57     1.190478E+03
    297.58     1.190539E+03
    297.59     1.190601E+03
    297.60     1.190663E+03
    297.61     1.190724E+03
    297.62     1.190786E+03
    297.63     1.190847E+03
    297.64     1.190909E+03
    297.65     1.190971E+03
    297.66     1.191032E+03
    297.67     1.191094E+03
    297.68     1.191156E+03
    297.69     1.191217E+03
    297.70     1.191279E+03
    297.71     1.191341E+03
    297.72     1.191402E+03
    297.73     1.191464E+03
    297.74     1.191526E+03
    297.75     1.191587E+03
    297.76     1.191649E+03
    297.77     1.191711E+03
    297.78     1.191772E+03
    297.79     1.191834E+03
    297.80     1.191895E+03
    297.81     1.191957E+03
    297.82     1.192019E+03
    297.83     1.192080E+03
    297.84     1.192142E+03
    297.85     1.192204E+03
    297.86     1.192265E+03
    297.87     1.192327E+03
    297.88     1.192389E+03
    297.89     1.192450E+03
    297.90     1.192512E+03
    297.91     1.192574E+03
    297.92     1.192635E+03
    297.93     1.192697E+03
    297.94     1.192759E+03
    297.95     1.192820E+03
    297.96     1.192882E+03
    297.97     1.192943E+03
    297.98     1.193005E+03
    297.99     1.193067E+03
    298.00     1.193128E+03
    298.01     1.193190E+03
    298.02     1.193252E+03
    298.03     1.193313E+03
    298.04     1.193375E+03
    298.05     1.193437E+03
    298.06     1.193498E+03
    298.07     1.193560E+03
    298.08     1.193622E+03
    298.09     1.193683E+03
    298.10     1.193745E+03
    298.11     1.193807E+03
    298.12     1.193868E+03
    298.13     1.193930E+03
    298.14     1.193991E+03
    298.15     1.194053E+03
    298.16     1.194115E+03
    298.17     1.194176E+03
    298.18     1.194238E+03
    298.19     1.194300E+03
    298.20     1.194361E+03
    298.21     1.194423E+03
    298.22     1.194485E+03
    298.23     1.194546E+03
    298.24     1.194608E+03
    298.25     1.194670E+03
    298.26     1.194731E+03
    298.27     1.194793E+03
    298.28     1.194855E+03
    298.29     1.194916E+03
    298.30     1.194978E+03
    298.31     1.195039E+03
    298.32     1.195101E+03
    298.33     1.195163E+03
    298.34     1.195224E+03
    298.35     1.195286E+03
    298.36     1.195348E+03
    298.37     1.195409E+03
    298.38     1.195471E+03
    298.39     1.195533E+03
    298.40     1.195594E+03
    298.41     1.195656E+03
    298.42     1.195718E+03
    298.43     1.195779E+03
    298.44     1.195841E+03
    298.45     1.195903E+03
    298.46     1.195964E+03
    298.47     1.196026E+03
    298.48     1.196087E+03
    298.49     1.196149E+03
    298.50     1.196211E+03
    298.51     1.196272E+03
    298.52     1.196334E+03
    298.53     1.196396E+03
    298.54     1.196457E+03
    298.55     1.196519E+03
    298.56     1.196581E+03
    298.57     1.196642E+03
    298.58     1.196704E+03
    298.59     1.196766E+03
    298.60     1.196827E+03
    298.61     1.196889E+03
    298.62     1.196951E+03
    298.63     1.197012E+03
    298.64     1.197074E+03
    298.65     1.197135E+03
    298.66     1.197197E+03
    298.67     1.197259E+03
    298.68     1.197320E+03
    298.69     1.197382E+03
    298.70     1.197444E+03
    298.71     1.197505E+03
    298.72     1.197567E+03
    298.73     1.197629E+03
    298.74     1.197690E+03
    298.75     1.197752E+03
    298.76     1.197814E+03
    298.77     1.197875E+03
    298.78     1.197937E+03
    298.79     1.197998E+03
    298.80     1.198060E+03
    298.81     1.198122E+03
    298.82     1.198183E+03
    298.83     1.198245E+03
    298.84     1.198307E+03
    298.85     1.198368E+03
    298.86     1.198430E+03
    298.87     1.198492E+03
    298.88     1.198553E+03
    298.89     1.198615E+03
    298.90     1.198677E+03
    298.91     1.198738E+03
    298.92     1.198800E+03
    298.93     1.198862E+03
    298.94     1.198923E+03
    298.95     1.198985E+03
    298.96     1.199046E+03
    298.97     1.199108E+03
    298.98     1.199170E+03
    298.99     1.199231E+03
    299.00     1.199293E+03
    299.01     1.199355E+03
    299.02     1.199417E+03
    299.03     1.199479E+03
    299.04     1.199541E+03
    299.05     1.199603E+03
    299.06     1.199664E+03
    299.07     1.199726E+03
    299.08     1.199788E+03
    299.09     1.199850E+03
    299.10     1.199912E+03
    299.11     1.199974E+03
    299.12     1.200036E+03
    299.13     1.200098E+03
    299.14     1.200159E+03
    299.15     1.200221E+03
    299.16     1.200283E+03
    299.17     1.200345E+03
    299.18     1.200407E+03
    299.19     1.200469E+03
    299.20     1.200531E+03
    299.21     1.200593E+03
    299.22     1.200655E+03
    299.23     1.200716E+03
    299.24     1.200778E+03
    299.25     1.200840E+03
    299.26     1.200902E+03
    299.27     1.200964E+03
    299.28     1.201026E+03
    299.29     1.201088E+03
    299.30     1.201150E+03
    299.31     1.201211E+03
    299.32     1.201273E+03
    299.33     1.201335E+03
    299.34     1.201397E+03
    299.35     1.201459E+03
    299.36     1.201521E+03
    299.37     1.201583E+03
    299.38     1.201645E+03
    299.39     1.201707E+03
    299.40     1.201768E+03
    299.41     1.201830E+03
    299.42     1.201892E+03
    299.43     1.201954E+03
    299.44     1.202016E+03
    299.45     1.202078E+03
    299.46     1.202140E+03
    299.47     1.202202E+03
    299.48     1.202264E+03
    299.49     1.202325E+03
    299.50     1.202387E+03
    299.51     1.202449E+03
    299.52     1.202511E+03
    299.53     1.202573E+03
    299.54     1.202635E+03
    299.55     1.202697E+03
    299.56     1.202759E+03
    299.57     1.202820E+03
    299.58     1.202882E+03
    299.59     1.202944E+03
    299.60     1.203006E+03
    299.61     1.203068E+03
    299.62     1.203130E+03
    299.63     1.203192E+03
    299.64     1.203254E+03
    299.65     1.203316E+03
    299.66     1.203377E+03
    299.67     1.203439E+03
    299.68     1.203501E+03
    299.69     1.203563E+03
    299.70     1.203625E+03
    299.71     1.203687E+03
    299.72     1.203749E+03
    299.73     1.203811E+03
    299.74     1.203873E+03
    299.75     1.203934E+03
    299.76     1.203996E+03
    299.77     1.204058E+03
    299.78     1.204120E+03
    299.79     1.204182E+03
    299.80     1.204244E+03
    299.81     1.204306E+03
    299.82     1.204368E+03
    299.83     1.204429E+03
    299.84     1.204491E+03
    299.85     1.204553E+03
    299.86     1.204615E+03
    299.87     1.204677E+03
    299.88     1.204739E+03
    299.89     1.204801E+03
    299.90     1.204863E+03
    299.91     1.204925E+03
    299.92     1.204986E+03
    299.93     1.205048E+03
    299.94     1.205110E+03
    299.95     1.205172E+03
    299.96     1.205234E+03
    299.97     1.205296E+03
    299.98     1.205358E+03
    299.99     1.205420E+03
    300.00     1.205482E+03
