$HEADER
 Mass.....................: 16.031 g/mol
 Temperature..............: 296.00 K
 Mass Perturbing..........: 44.010 g/mol 
 Format...................: "{fit:1} {name:11} {wavenumber:12f} {wavenumber_unc:7E}{wavenumber_fit:1}{intensity:11E} {intensity_unc:7E}{intensity_fit:1}{foreign-broadening:10E} {foreign-broadening_unc:7E}{foreign-broadening_fit:1}{foreign-broadening_temp:10E} {foreign-broadening_temp_unc:7E}{foreign-broadening_temp_fit:1}{self-broadening:10E} {self-broadening_unc:7E}{self-broadening_fit:1}{self-broadening_temp:10E} {self-broadening_temp_unc:7E}{self-broadening_temp_fit:1}{SD-broadening:10E} {SD-broadening_unc:7E}{SD-broadening_fit:1}{narrowing:10E} {narrowing_unc:7E}{narrowing_fit:1}{foreign-shift:10E} {foreign-shift_unc:7E}{foreign-shift_fit:1}{self-shift:10E} {self-shift_unc:7E}{self-shift_fit:1}{SD-shift:10E} {SD-shift_unc:7E}{SD-shift_fit:1}{line-mixing:10E} {line-mixing_unc:7E}{line-mixing_fit:1}{statistical weight:9f}{energy:13f}"
 % {line-mixing} refers to first-order approximation parameter. Ignored if line name present in offdiag


$LINE_PARAMETERS
F   name        wavenumber    unc.   intensity    unc.   frgn-br.    unc.  frgn-br-T    unc.   self-br.    unc.  self-br-T    unc.  br_sp-dep    unc.  narrowing    unc. frgn-shift    unc.  self-shft    unc.  sh_sp-dep    unc.      fo_lm    unc.  low_stat   low_energy  assignment
               3052.182020 0.0E+00  6.8390E-23 0.0E+00  6.000E-02 0.0E+00  7.000E-01 0.0E+00  7.860E-02 8.2E+00  7.000E-01 0.0E+00  1.100E-01 0.0E+00  0.000E+00 0.0E+00 -6.100E-03 0.0E+00 -9.000E-03 1.2E-02  0.000E+00 0.0E+00  0.000E+00 0.0E+00      10.0     31.44210   3E   9 -  2E   1 : 0 0 1 0 1F2 - 0 0 0 0 1A1
               3052.617551 0.0E+00  4.4800E-23 0.0E+00  4.700E-02 0.0E+00  7.000E-01 0.0E+00  6.020E-02 8.1E-03  7.000E-01 0.0E+00  1.100E-01 0.0E+00  0.000E+00 0.0E+00 -6.100E-03 0.0E+00 -9.000E-03 1.2E-02  0.000E+00 0.0E+00  0.000E+00 0.0E+00      81.0    950.52220  14F2 41 - 13F1  4 : 0 1 0 1 1F1 - 0 0 0 0 1A1
               3052.940000 0.0E+00  1.4430E-22 0.0E+00  4.700E-02 0.0E+00  7.000E-01 0.0E+00  8.070E-02 6.0E-03  7.000E-01 0.0E+00  1.100E-01 0.0E+00  0.000E+00 0.0E+00 -6.106E-03 0.0E+00 -9.000E-03 1.2E-02  0.000E+00 0.0E+00  0.000E+00 0.0E+00      35.0   1388.23170   4A1 14 -  3A2  1 : 0 0 1 1 1F2 - 0 0 0 1 1F2
               3052.958463 0.0E+00  2.3080E-23 0.0E+00  4.400E-02 0.0E+00  7.000E-01 0.0E+00  8.070E-02 6.0E-03  7.000E-01 0.0E+00  1.100E-01 0.0E+00  0.000E+00 0.0E+00 -6.106E-03 0.0E+00 -9.000E-03 1.2E-02  0.000E+00 0.0E+00  0.000E+00 0.0E+00      21.0   1387.75880   4F1 36 -  3F2  2 : 0 2 0 1 2F2 - 0 0 0 1 1F2
               3053.265200 0.0E+00  8.8880E-23 0.0E+00  3.200E-02 0.0E+00  7.000E-01 0.0E+00  7.790E-02 8.3E+00  7.000E-01 0.0E+00  1.100E-01 0.0E+00  0.000E+00 0.0E+00 -6.107E-03 0.0E+00 -9.000E-03 1.2E-02  0.000E+00 0.0E+00  0.000E+00 0.0E+00      14.0   1387.40050   4E  25 -  3E   2 : 0 0 1 1 1F1 - 0 0 0 1 1F2
               3053.355623 0.0E+00  1.1280E-22 0.0E+00  4.400E-02 0.0E+00  7.000E-01 0.0E+00  8.070E-02 6.0E-03  7.000E-01 0.0E+00  1.100E-01 0.0E+00  0.000E+00 0.0E+00 -6.107E-03 0.0E+00 -9.000E-03 1.2E-02  0.000E+00 0.0E+00  0.000E+00 0.0E+00      21.0   1387.75880   4F1 37 -  3F2  2 : 0 0 1 1 1F1 - 0 0 0 1 1F2
               3053.383242 0.0E+00  1.4230E-23 0.0E+00  4.800E-02 0.0E+00  7.000E-01 0.0E+00  6.300E-02 7.7E-03  7.000E-01 0.0E+00  1.100E-01 0.0E+00  0.000E+00 0.0E+00 -6.100E-03 0.0E+00 -9.000E-03 1.2E-02  0.000E+00 0.0E+00  0.000E+00 0.0E+00      75.0    814.86650  13F1 42 - 12F2  1 : 1 0 0 0 1A1 - 0 0 0 0 1A1
*              3053.385884 0.0E+00  3.9420E-22 0.0E+00  7.634E-02 4.5E-04* 7.000E-01 0.0E+00  8.000E-02 6.1E-03  7.000E-01 0.0E+00  1.100E-01 0.0E+00  0.000E+00 0.0E+00 -6.107E-03 0.0E+00 -9.000E-03 1.2E-02  0.000E+00 0.0E+00  0.000E+00 0.0E+00      45.0   1389.95240   5A2 13 -  4A1  1 : 0 0 1 1 1F2 - 0 0 0 1 1F2
*              3053.419392 0.0E+00  2.3440E-22 0.0E+00  6.488E-02 6.0E-04* 7.000E-01 0.0E+00  8.000E-02 6.1E-03  7.000E-01 0.0E+00  1.100E-01 0.0E+00  0.000E+00 0.0E+00 -6.107E-03 0.0E+00 -9.000E-03 1.2E-02  0.000E+00 0.0E+00  0.000E+00 0.0E+00      27.0   1390.13370   5F2 35 -  4F1  1 : 0 0 1 1 1F2 - 0 0 0 1 1F2
*              3053.465000 0.0E+00  2.3480E-22 0.0E+00  6.005E-02 5.3E-04* 7.000E-01 0.0E+00  8.000E-02 6.1E-03  7.000E-01 0.0E+00  1.100E-01 0.0E+00  0.000E+00 0.0E+00 -6.107E-03 0.0E+00 -9.000E-03 1.2E-02  0.000E+00 0.0E+00  0.000E+00 0.0E+00      27.0   1390.28550   5F1 36 -  4F2  1 : 0 0 1 1 1F2 - 0 0 0 1 1F2
               3053.500594 0.0E+00  9.6850E-23 0.0E+00  4.700E-02 0.0E+00  7.000E-01 0.0E+00  8.000E-02 6.1E-03  7.000E-01 0.0E+00  1.100E-01 0.0E+00  0.000E+00 0.0E+00 -6.107E-03 0.0E+00 -9.000E-03 1.2E-02  0.000E+00 0.0E+00  0.000E+00 0.0E+00      45.0   1639.17800   5A2 23 -  4A1  2 : 0 1 1 0 1F1 - 0 1 0 0 1E 
               3053.527208 0.0E+00  4.1850E-23 0.0E+00  3.200E-02 0.0E+00  7.000E-01 0.0E+00  7.690E-02 8.4E+00  7.000E-01 0.0E+00  1.100E-01 0.0E+00  0.000E+00 0.0E+00 -6.107E-03 0.0E+00 -9.000E-03 1.2E-02  0.000E+00 0.0E+00  0.000E+00 0.0E+00      18.0   1638.91500   5E  42 -  4E   3 : 0 1 1 0 1F1 - 0 1 0 0 1E 
               3053.527774 0.0E+00  6.1780E-23 0.0E+00  4.400E-02 0.0E+00  7.000E-01 0.0E+00  8.000E-02 6.1E-03  7.000E-01 0.0E+00  1.100E-01 0.0E+00  0.000E+00 0.0E+00 -6.107E-03 0.0E+00 -9.000E-03 1.2E-02  0.000E+00 0.0E+00  0.000E+00 0.0E+00      27.0   1638.96660   5F2 62 -  4F1  4 : 0 1 1 0 1F1 - 0 1 0 0 1E 
               3053.596188 0.0E+00  7.2140E-23 0.0E+00  4.700E-02 0.0E+00  7.000E-01 0.0E+00  8.000E-02 6.1E-03  7.000E-01 0.0E+00  1.100E-01 0.0E+00  0.000E+00 0.0E+00 -6.107E-03 0.0E+00 -9.000E-03 1.2E-02  0.000E+00 0.0E+00  0.000E+00 0.0E+00      45.0   1640.12710   5A1 20 -  4A2  2 : 0 1 1 0 1F1 - 0 1 0 0 1E 
               3053.601302 0.0E+00  5.3010E-23 0.0E+00  4.400E-02 0.0E+00  7.000E-01 0.0E+00  8.000E-02 6.1E-03  7.000E-01 0.0E+00  1.100E-01 0.0E+00  0.000E+00 0.0E+00 -6.107E-03 0.0E+00 -9.000E-03 1.2E-02  0.000E+00 0.0E+00  0.000E+00 0.0E+00      27.0   1639.65060   5F2 63 -  4F1  5 : 0 1 1 0 1F1 - 0 1 0 0 1E 
               3053.602433 0.0E+00  4.8630E-23 0.0E+00  4.400E-02 0.0E+00  7.000E-01 0.0E+00  8.000E-02 6.1E-03  7.000E-01 0.0E+00  1.100E-01 0.0E+00  0.000E+00 0.0E+00 -6.107E-03 0.0E+00 -9.000E-03 1.2E-02  0.000E+00 0.0E+00  0.000E+00 0.0E+00      27.0   1639.88120   5F1 64 -  4F2  5 : 0 1 1 0 1F1 - 0 1 0 0 1E 
               3053.609615 0.0E+00  2.1610E-23 0.0E+00  4.900E-02 0.0E+00  7.000E-01 0.0E+00  6.300E-02 7.7E-03  7.000E-01 0.0E+00  1.100E-01 0.0E+00  0.000E+00 0.0E+00 -6.100E-03 0.0E+00 -9.000E-03 1.2E-02  0.000E+00 0.0E+00  0.000E+00 0.0E+00     125.0    815.08900  13A1 14 - 12A2  1 : 1 0 0 0 1A1 - 0 0 0 0 1A1
               3053.828748 0.0E+00  1.0520E-22 0.0E+00  4.400E-02 0.0E+00  7.000E-01 0.0E+00  8.070E-02 6.0E-03  7.000E-01 0.0E+00  1.100E-01 0.0E+00  0.000E+00 0.0E+00 -6.108E-03 0.0E+00 -9.000E-03 1.2E-02  0.000E+00 0.0E+00  0.000E+00 0.0E+00      21.0   1386.39050   4F2 38 -  3F1  3 : 0 0 1 1 1F1 - 0 0 0 1 1F2
               3053.932356 0.0E+00  1.1050E-23 0.0E+00  4.800E-02 0.0E+00  7.000E-01 0.0E+00  6.300E-02 7.7E-03  7.000E-01 0.0E+00  1.100E-01 0.0E+00  0.000E+00 0.0E+00 -6.100E-03 0.0E+00 -9.000E-03 1.2E-02  0.000E+00 0.0E+00  0.000E+00 0.0E+00      75.0    814.86650  13F1 43 - 12F2  1 : 1 0 0 0 1A1 - 0 0 0 0 1A1
               3054.089893 0.0E+00  2.4860E-23 0.0E+00  4.800E-02 0.0E+00  7.000E-01 0.0E+00  6.300E-02 7.7E-03  7.000E-01 0.0E+00  1.100E-01 0.0E+00  0.000E+00 0.0E+00 -6.100E-03 0.0E+00 -9.000E-03 1.2E-02  0.000E+00 0.0E+00  0.000E+00 0.0E+00      75.0    814.88430  13F2 41 - 12F1  2 : 1 0 0 0 1A1 - 0 0 0 0 1A1
               3054.142485 0.0E+00  1.0230E-23 0.0E+00  4.900E-02 0.0E+00  7.000E-01 0.0E+00  6.300E-02 7.7E-03  7.000E-01 0.0E+00  1.100E-01 0.0E+00  0.000E+00 0.0E+00 -6.100E-03 0.0E+00 -9.000E-03 1.2E-02  0.000E+00 0.0E+00  0.000E+00 0.0E+00     125.0    815.14360  13A2 14 - 12A1  2 : 1 0 0 0 1A1 - 0 0 0 0 1A1
               3054.211370 0.0E+00  2.6610E-23 0.0E+00  3.900E-02 0.0E+00  7.000E-01 0.0E+00  5.570E-02 1.2E+01  7.000E-01 0.0E+00  1.100E-01 0.0E+00  0.000E+00 0.0E+00 -6.100E-03 0.0E+00 -9.000E-03 1.2E-02  0.000E+00 0.0E+00  0.000E+00 0.0E+00      54.0    950.50490  14E  28 - 13E   2 : 0 1 0 1 1F1 - 0 0 0 0 1A1
               3054.625422 0.0E+00  3.9860E-23 0.0E+00  4.400E-02 0.0E+00  7.000E-01 0.0E+00  8.000E-02 6.1E-03  7.000E-01 0.0E+00  1.100E-01 0.0E+00  0.000E+00 0.0E+00 -6.109E-03 0.0E+00 -9.000E-03 1.2E-02  0.000E+00 0.0E+00  0.000E+00 0.0E+00      27.0   1640.93130   5F1 65 -  4F2  6 : 0 1 1 0 1F1 - 0 1 0 0 1E 
               3054.635849 0.0E+00  2.5190E-23 0.0E+00  3.200E-02 0.0E+00  7.000E-01 0.0E+00  7.690E-02 8.4E+00  7.000E-01 0.0E+00  1.100E-01 0.0E+00  0.000E+00 0.0E+00 -6.109E-03 0.0E+00 -9.000E-03 1.2E-02  0.000E+00 0.0E+00  0.000E+00 0.0E+00      18.0   1640.97180   5E  43 -  4E   4 : 0 1 1 0 1F1 - 0 1 0 0 1E 
               3054.640085 0.0E+00  1.0100E-23 0.0E+00  4.900E-02 0.0E+00  7.000E-01 0.0E+00  6.300E-02 7.7E-03  7.000E-01 0.0E+00  1.100E-01 0.0E+00  0.000E+00 0.0E+00 -6.100E-03 0.0E+00 -9.000E-03 1.2E-02  0.000E+00 0.0E+00  0.000E+00 0.0E+00     125.0    814.64600  13A2 14 - 12A1  1 : 1 0 0 0 1A1 - 0 0 0 0 1A1
               3054.826091 0.0E+00  1.9810E-23 0.0E+00  4.800E-02 0.0E+00  7.000E-01 0.0E+00  6.300E-02 7.7E-03  7.000E-01 0.0E+00  1.100E-01 0.0E+00  0.000E+00 0.0E+00 -6.100E-03 0.0E+00 -9.000E-03 1.2E-02  0.000E+00 0.0E+00  0.000E+00 0.0E+00      75.0    815.00810  13F1 44 - 12F2  2 : 1 0 0 0 1A1 - 0 0 0 0 1A1
               3054.886068 0.0E+00  1.7870E-23 0.0E+00  4.000E-02 0.0E+00  7.000E-01 0.0E+00  5.820E-02 1.1E+01  7.000E-01 0.0E+00  1.100E-01 0.0E+00  0.000E+00 0.0E+00 -6.100E-03 0.0E+00 -9.000E-03 1.2E-02  0.000E+00 0.0E+00  0.000E+00 0.0E+00      50.0    814.99310  13E  28 - 12E   2 : 1 0 0 0 1A1 - 0 0 0 0 1A1
*              3054.968100 0.0E+00  1.6260E-22 0.0E+00  8.914E-02 1.3E-03* 7.000E-01 0.0E+00  8.070E-02 6.0E-03  7.000E-01 0.0E+00  1.100E-01 0.0E+00  0.000E+00 0.0E+00 -6.110E-03 0.0E+00 -9.000E-03 1.2E-02  0.000E+00 0.0E+00  0.000E+00 0.0E+00      35.0   1388.23170   4A1 15 -  3A2  1 : 0 0 1 1 1E  - 0 0 0 1 1F2
               3055.058505 0.0E+00  3.6960E-23 0.0E+00  4.700E-02 0.0E+00  7.000E-01 0.0E+00  6.020E-02 8.1E-03  7.000E-01 0.0E+00  1.100E-01 0.0E+00  0.000E+00 0.0E+00 -6.100E-03 0.0E+00 -9.000E-03 1.2E-02  0.000E+00 0.0E+00  0.000E+00 0.0E+00      81.0    950.48720  14F1 41 - 13F2  3 : 0 1 0 1 1F1 - 0 0 0 0 1A1
               3055.308981 0.0E+00  8.1400E-23 0.0E+00  4.800E-02 0.0E+00  7.000E-01 0.0E+00  6.300E-02 7.7E-03  7.000E-01 0.0E+00  1.100E-01 0.0E+00  0.000E+00 0.0E+00 -6.100E-03 0.0E+00 -9.000E-03 1.2E-02  0.000E+00 0.0E+00  0.000E+00 0.0E+00      75.0    814.88430  13F2 42 - 12F1  2 : 1 0 0 0 1A1 - 0 0 0 0 1A1
               3055.893826 0.0E+00  8.5610E-23 0.0E+00  4.800E-02 0.0E+00  7.000E-01 0.0E+00  6.300E-02 0.0E+00  7.000E-01 0.0E+00  1.100E-01 0.0E+00  0.000E+00 0.0E+00 -6.100E-03 0.0E+00 -9.000E-03 0.0E+00  0.000E+00 0.0E+00  0.000E+00 0.0E+00      75.0    814.86650  13F1 45 - 12F2  1 : 1 0 0 0 1A1 - 0 0 0 0 1A1
               3056.523418 0.0E+00  7.5350E-23 0.0E+00  4.800E-02 0.0E+00  7.000E-01 0.0E+00  6.020E-02 0.0E+00  7.000E-01 0.0E+00  1.100E-01 0.0E+00  0.000E+00 0.0E+00 -6.100E-03 0.0E+00 -9.000E-03 0.0E+00  0.000E+00 0.0E+00  0.000E+00 0.0E+00     135.0    950.38500  14A1 15 - 13A2  1 : 0 1 0 1 1F1 - 0 0 0 0 1A1
               3056.560000 0.0E+00  2.7940E-23 0.0E+00  4.400E-02 0.0E+00  7.000E-01 0.0E+00  8.070E-02 0.0E+00  7.000E-01 0.0E+00  1.100E-01 0.0E+00  0.000E+00 0.0E+00 -6.113E-03 0.0E+00 -9.000E-03 0.0E+00  0.000E+00 0.0E+00  0.000E+00 0.0E+00      21.0   1387.75880   4F1 40 -  3F2  2 : 0 0 1 1 1F1 - 0 0 0 1 1F2
               3056.747556 0.0E+00  2.1790E-23 0.0E+00  4.700E-02 0.0E+00  7.000E-01 0.0E+00  5.750E-02 0.0E+00  7.000E-01 0.0E+00  1.100E-01 0.0E+00  0.000E+00 0.0E+00 -6.100E-03 0.0E+00 -9.000E-03 0.0E+00  0.000E+00 0.0E+00  0.000E+00 0.0E+00      87.0   1095.98130  15F1 42 - 14F2  3 : 1 0 0 0 1A1 - 0 0 0 0 1A1
               3057.014300 0.0E+00  1.5780E-23 0.0E+00  3.200E-02 0.0E+00  7.000E-01 0.0E+00  7.790E-02 0.0E+00  7.000E-01 0.0E+00  1.100E-01 0.0E+00  0.000E+00 0.0E+00 -6.114E-03 0.0E+00 -9.000E-03 0.0E+00  0.000E+00 0.0E+00  0.000E+00 0.0E+00      14.0   1387.40050   4E  26 -  3E   2 : 0 0 1 1 1F1 - 0 0 0 1 1F2
               3057.359484 0.0E+00  1.9740E-23 0.0E+00  3.900E-02 0.0E+00  7.000E-01 0.0E+00  5.570E-02 0.0E+00  7.000E-01 0.0E+00  1.100E-01 0.0E+00  0.000E+00 0.0E+00 -6.100E-03 0.0E+00 -9.000E-03 0.0E+00  0.000E+00 0.0E+00  0.000E+00 0.0E+00      54.0    950.12930  14E  29 - 13E   1 : 1 0 0 0 1A1 - 0 0 0 0 1A1
               3057.406271 0.0E+00  2.9580E-23 0.0E+00  4.700E-02 0.0E+00  7.000E-01 0.0E+00  6.020E-02 0.0E+00  7.000E-01 0.0E+00  1.100E-01 0.0E+00  0.000E+00 0.0E+00 -6.100E-03 0.0E+00 -9.000E-03 0.0E+00  0.000E+00 0.0E+00  0.000E+00 0.0E+00      81.0    950.13640  14F2 42 - 13F1  2 : 1 0 0 0 1A1 - 0 0 0 0 1A1
               3057.505324 0.0E+00  4.5030E-23 0.0E+00  4.800E-02 0.0E+00  7.000E-01 0.0E+00  6.020E-02 0.0E+00  7.000E-01 0.0E+00  1.100E-01 0.0E+00  0.000E+00 0.0E+00 -6.100E-03 0.0E+00 -9.000E-03 0.0E+00  0.000E+00 0.0E+00  0.000E+00 0.0E+00     135.0    950.15370  14A2 14 - 13A1  1 : 1 0 0 0 1A1 - 0 0 0 0 1A1
* R03A2007001  3057.687423 0.0E+00  2.1060E-19 0.0E+00  8.136E-02 0.0E+00* 7.000E-01 0.0E+00  8.070E-02 0.0E+00  7.000E-01 0.0E+00  1.407E-01 0.0E+00* 3.010E-03 0.0E+00*-6.163E-03 0.0E+00*-9.000E-03 0.0E+00  0.000E+00 0.0E+00  0.000E+00 0.0E+00      35.0     62.87810   4A1  7 -  3A2  1 : 0 0 1 0 1F2 - 0 0 0 0 1A1
* R03F2015001  3057.726496 0.0E+00  1.2600E-19 0.0E+00  8.545E-02 0.0E+00* 7.000E-01 0.0E+00  8.070E-02 0.0E+00  7.000E-01 0.0E+00  1.253E-01 0.0E+00* 2.239E-03 0.0E+00*-6.831E-03 0.0E+00*-9.000E-03 0.0E+00  0.000E+00 0.0E+00  0.000E+00 0.0E+00      21.0     62.87680   4F1 15 -  3F2  1 : 0 0 1 0 1F2 - 0 0 0 0 1A1
* R03F1016001  3057.760735 0.0E+00  1.2600E-19 0.0E+00  8.562E-02 0.0E+00* 7.000E-01 0.0E+00  8.070E-02 0.0E+00  7.000E-01 0.0E+00  1.074E-01 0.0E+00* 5.763E-03 0.0E+00*-6.306E-03 0.0E+00*-9.000E-03 0.0E+00  0.000E+00 0.0E+00  0.000E+00 0.0E+00      21.0     62.87570   4F2 16 -  3F1  1 : 0 0 1 0 1F2 - 0 0 0 0 1A1
               3057.785400 0.0E+00  1.2790E-22 0.0E+00  3.200E-02 0.0E+00  7.000E-01 0.0E+00  7.690E-02 0.0E+00  7.000E-01 0.0E+00  1.100E-01 0.0E+00  0.000E+00 0.0E+00 -6.116E-03 0.0E+00 -9.000E-03 0.0E+00  0.000E+00 0.0E+00  0.000E+00 0.0E+00      18.0   1409.37590   5E  26 -  4E   1 : 0 0 1 1 1F1 - 0 0 0 1 1F2
               3057.829797 0.0E+00  1.9530E-22 0.0E+00  4.400E-02 0.0E+00  7.000E-01 0.0E+00  8.000E-02 0.0E+00  7.000E-01 0.0E+00  1.100E-01 0.0E+00  0.000E+00 0.0E+00 -6.116E-03 0.0E+00 -9.000E-03 0.0E+00  0.000E+00 0.0E+00  0.000E+00 0.0E+00      27.0   1409.00700   5F1 40 -  4F2  2 : 0 0 1 1 1F1 - 0 0 0 1 1F2
               3057.852002 0.0E+00  1.3190E-23 0.0E+00  4.700E-02 0.0E+00  7.000E-01 0.0E+00  8.000E-02 0.0E+00  7.000E-01 0.0E+00  1.100E-01 0.0E+00  0.000E+00 0.0E+00 -6.116E-03 0.0E+00 -9.000E-03 0.0E+00  0.000E+00 0.0E+00  0.000E+00 0.0E+00      45.0   1640.12710   5A1 21 -  4A2  2 : 0 1 1 0 1F1 - 0 1 0 0 1E 
               3057.903940 0.0E+00  3.3600E-22 0.0E+00  4.700E-02 0.0E+00  7.000E-01 0.0E+00  8.000E-02 0.0E+00  7.000E-01 0.0E+00  1.100E-01 0.0E+00  0.000E+00 0.0E+00 -6.116E-03 0.0E+00 -9.000E-03 0.0E+00  0.000E+00 0.0E+00  0.000E+00 0.0E+00      45.0   1408.48510   5A1 12 -  4A2  1 : 0 0 1 1 1F1 - 0 0 0 1 1F2
               3058.198763 0.0E+00  1.9530E-22 0.0E+00  4.400E-02 0.0E+00  7.000E-01 0.0E+00  8.000E-02 0.0E+00  7.000E-01 0.0E+00  1.100E-01 0.0E+00  0.000E+00 0.0E+00 -6.116E-03 0.0E+00 -9.000E-03 0.0E+00  0.000E+00 0.0E+00  0.000E+00 0.0E+00      27.0   1410.76730   5F2 38 -  4F1  2 : 0 0 1 1 1F1 - 0 0 0 1 1F2
               3058.793095 0.0E+00  3.4180E-23 0.0E+00  4.700E-02 0.0E+00  7.000E-01 0.0E+00  6.020E-02 0.0E+00  7.000E-01 0.0E+00  1.100E-01 0.0E+00  0.000E+00 0.0E+00 -6.100E-03 0.0E+00 -9.000E-03 0.0E+00  0.000E+00 0.0E+00  0.000E+00 0.0E+00      81.0    950.33680  14F1 42 - 13F2  2 : 0 1 0 1 1F1 - 0 0 0 0 1A1
               3058.951244 0.0E+00  3.6540E-23 0.0E+00  4.700E-02 0.0E+00  7.000E-01 0.0E+00  6.020E-02 0.0E+00  7.000E-01 0.0E+00  1.100E-01 0.0E+00  0.000E+00 0.0E+00 -6.100E-03 0.0E+00 -9.000E-03 0.0E+00  0.000E+00 0.0E+00  0.000E+00 0.0E+00      81.0    950.30480  14F2 43 - 13F1  3 : 0 1 0 1 1F1 - 0 0 0 0 1A1
               3059.713869 0.0E+00  1.3980E-22 0.0E+00  6.300E-02 0.0E+00  7.000E-01 0.0E+00  8.070E-02 6.0E-03  7.000E-01 0.0E+00  1.100E-01 0.0E+00  0.000E+00 0.0E+00 -6.220E-03 0.0E+00 -9.000E-03 1.2E-02  0.000E+00 0.0E+00  0.000E+00 0.0E+00      21.0     62.87570   4F2 17 -  3F1  1 : 0 0 1 0 1F2 - 0 0 0 0 1A1
               3059.955450 0.0E+00  2.1280E-23 0.0E+00  4.700E-02 0.0E+00  7.000E-01 0.0E+00  5.510E-02 8.8E-03  7.000E-01 0.0E+00  1.100E-01 0.0E+00  0.000E+00 0.0E+00 -6.100E-03 0.0E+00 -9.000E-03 1.2E-02  0.000E+00 0.0E+00  0.000E+00 0.0E+00     155.0   1252.06140  16A1 15 - 15A2  2 : 1 0 0 0 1A1 - 0 0 0 0 1A1
               3059.984159 0.0E+00  1.2550E-23 0.0E+00  3.200E-02 0.0E+00  7.000E-01 0.0E+00  7.690E-02 8.4E+00  7.000E-01 0.0E+00  1.100E-01 0.0E+00  0.000E+00 0.0E+00 -6.120E-03 0.0E+00 -9.000E-03 1.2E-02  0.000E+00 0.0E+00  0.000E+00 0.0E+00      18.0   1640.97180   5E  45 -  4E   4 : 0 1 1 0 1F2 - 0 1 0 0 1E 
               3060.038800 0.0E+00  1.2280E-23 0.0E+00  4.400E-02 0.0E+00  7.000E-01 0.0E+00  8.000E-02 6.1E-03  7.000E-01 0.0E+00  1.100E-01 0.0E+00  0.000E+00 0.0E+00 -6.120E-03 0.0E+00 -9.000E-03 1.2E-02  0.000E+00 0.0E+00  0.000E+00 0.0E+00      27.0   1640.93130   5F1 69 -  4F2  6 : 0 1 1 0 1F2 - 0 1 0 0 1E 
               3060.108702 0.0E+00  3.0210E-22 0.0E+00  6.330E-02 0.0E+00  7.000E-01 0.0E+00  8.070E-02 6.0E-03  7.000E-01 0.0E+00  1.100E-01 0.0E+00  0.000E+00 0.0E+00 -6.070E-03 0.0E+00 -9.000E-03 1.2E-02  0.000E+00 0.0E+00  0.000E+00 0.0E+00      21.0     62.87680   4F1 16 -  3F2  1 : 0 0 1 0 1F2 - 0 0 0 0 1A1
               3060.363074 0.0E+00  1.3790E-23 0.0E+00  4.700E-02 0.0E+00  7.000E-01 0.0E+00  8.000E-02 6.1E-03  7.000E-01 0.0E+00  1.100E-01 0.0E+00  0.000E+00 0.0E+00 -6.121E-03 0.0E+00 -9.000E-03 1.2E-02  0.000E+00 0.0E+00  0.000E+00 0.0E+00      45.0   1639.17800   5A2 24 -  4A1  2 : 0 1 1 0 1F2 - 0 1 0 0 1E 
               3060.770081 0.0E+00  1.8820E-22 0.0E+00  6.690E-02 0.0E+00  7.000E-01 0.0E+00  5.820E-02 1.1E+01  7.000E-01 0.0E+00  1.100E-01 0.0E+00  0.000E+00 0.0E+00 -9.400E-03 0.0E+00 -9.000E-03 1.2E-02  0.000E+00 0.0E+00  0.000E+00 0.0E+00      50.0    814.64880  13E  29 - 12E   1 : 0 1 0 1 1F2 - 0 0 0 0 1A1
*              3060.798131 0.0E+00  2.8120E-22 0.0E+00  5.289E-02 3.8E-04* 7.000E-01 0.0E+00  6.300E-02 7.7E-03  7.000E-01 0.0E+00  1.100E-01 0.0E+00  0.000E+00 0.0E+00 -6.100E-03 0.0E+00 -9.000E-03 1.2E-02  0.000E+00 0.0E+00  0.000E+00 0.0E+00      75.0    814.64790  13F2 43 - 12F1  1 : 0 1 0 1 1F2 - 0 0 0 0 1A1
*              3060.850610 0.0E+00  4.6570E-22 0.0E+00  5.248E-02 2.2E-04* 7.000E-01 0.0E+00  6.300E-02 7.7E-03  7.000E-01 0.0E+00  1.100E-01 0.0E+00  0.000E+00 0.0E+00 -1.100E-02 0.0E+00 -9.000E-03 1.2E-02  0.000E+00 0.0E+00  0.000E+00 0.0E+00     125.0    814.64600  13A2 15 - 12A1  1 : 0 1 0 1 1F2 - 0 0 0 0 1A1
               3060.872300 0.0E+00  2.6900E-23 0.0E+00  4.700E-02 0.0E+00  7.000E-01 0.0E+00  8.000E-02 6.1E-03  7.000E-01 0.0E+00  1.100E-01 0.0E+00  0.000E+00 0.0E+00 -6.122E-03 0.0E+00 -9.000E-03 1.2E-02  0.000E+00 0.0E+00  0.000E+00 0.0E+00      45.0   1640.12710   5A1 22 -  4A2  2 : 0 1 1 0 1F2 - 0 1 0 0 1E 
               3060.929137 0.0E+00  1.1710E-23 0.0E+00  4.600E-02 0.0E+00  7.000E-01 0.0E+00  5.510E-02 8.8E-03  7.000E-01 0.0E+00  1.100E-01 0.0E+00  0.000E+00 0.0E+00 -6.100E-03 0.0E+00 -9.000E-03 1.2E-02  0.000E+00 0.0E+00  0.000E+00 0.0E+00      93.0   1252.04610  16F1 42 - 15F2  4 : 0 1 0 1 1F1 - 0 0 0 0 1A1
               3061.494083 0.0E+00  9.6450E-23 0.0E+00  4.400E-02 0.0E+00  7.000E-01 0.0E+00  8.000E-02 6.1E-03  7.000E-01 0.0E+00  1.100E-01 0.0E+00  0.000E+00 0.0E+00 -6.123E-03 0.0E+00 -9.000E-03 1.2E-02  0.000E+00 0.0E+00  0.000E+00 0.0E+00      27.0   1434.59770   5F1 48 -  4F2  4 : 0 0 1 1 1F2 - 0 0 0 1 1F2
*              3061.679132 0.0E+00  1.4710E-22 0.0E+00  7.352E-02 1.1E-03* 7.000E-01 0.0E+00  8.000E-02 6.1E-03  7.000E-01 0.0E+00  1.100E-01 0.0E+00  0.000E+00 0.0E+00 -6.123E-03 0.0E+00 -9.000E-03 1.2E-02  0.000E+00 0.0E+00  0.000E+00 0.0E+00      27.0   1433.97220   5F2 45 -  4F1  3 : 0 0 1 1 1F1 - 0 0 0 1 1F2
*              3061.904663 0.0E+00  1.7700E-22 0.0E+00  8.199E-02 1.1E-03* 7.000E-01 0.0E+00  8.000E-02 6.1E-03  7.000E-01 0.0E+00  1.100E-01 0.0E+00  0.000E+00 0.0E+00 -6.124E-03 0.0E+00 -9.000E-03 1.2E-02  0.000E+00 0.0E+00  0.000E+00 0.0E+00      27.0   1432.18050   5F1 47 -  4F2  3 : 0 0 1 1 1F1 - 0 0 0 1 1F2
               3061.931860 0.0E+00  1.1560E-22 0.0E+00  3.200E-02 0.0E+00  7.000E-01 0.0E+00  7.690E-02 8.4E+00  7.000E-01 0.0E+00  1.100E-01 0.0E+00  0.000E+00 0.0E+00 -6.124E-03 0.0E+00 -9.000E-03 1.2E-02  0.000E+00 0.0E+00  0.000E+00 0.0E+00      18.0   1432.52400   5E  32 -  4E   2 : 0 0 1 1 1F1 - 0 0 0 1 1F2
               3061.962790 0.0E+00  1.0920E-23 0.0E+00  4.600E-02 0.0E+00  7.000E-01 0.0E+00  5.510E-02 8.8E-03  7.000E-01 0.0E+00  1.100E-01 0.0E+00  0.000E+00 0.0E+00 -6.100E-03 0.0E+00 -9.000E-03 1.2E-02  0.000E+00 0.0E+00  0.000E+00 0.0E+00      93.0   1252.02760  16F2 43 - 15F1  4 : 0 1 0 1 1F1 - 0 0 0 0 1A1
